

测试指令
1：电机控制（写命令）（WRITE_MASK | REG）
（1）立即停止：                                            88 04 00 00 00 00  53 EF
（2）归0（>=32000）：                             88 04 00 00 00 7D  72 2F  
（3）移动到15000微米（15000）：          88 04 00 00 98 3A  80 04
（4）最佳能量位置校准（12000（0x2EE0）（举例值））：          88 04 E0 2E  E0 2E  46 71

/**************激光独立测试需要先进入工程模式*****/
	工程模式：
               进入指令：8d 02 01 00 18 8b 00 00
               进入指令：8d 02 00 00 88 8a 00 00

2、激光指令
（1）读状态：  01 01 10  5C 20
         返回：       01 10  D8 00 00 00 00 00 00 00 00 00 00 98 3A  00 00 00 00  A5 9A
（2）预备（写e=50mJ,DAC=600mV）：  82 04  32 00 58 02 40 5B
         返回：       82 04  32 00 58 02 40 5B
         取消准备（xie）：82 04 32 00 00 00 41 E1
          返回：82 04 32 00 00 00 41 E1


（3）出光（出光）：  83 02  01 00 F0 89 00 00 
         返回：        83 02  01 00 F0 89 00 00 
	停止（出光）：  83 02  00 00 60 88 00 00
         返回：         83 02  00 00 60 88  00 00

